{
 "cells": [
  {
   "cell_type": "code",
   "execution_count": 1,
   "metadata": {},
   "outputs": [
    {
     "data": {
      "text/html": [
       "\n",
       "    <div class=\"bk-root\">\n",
       "        <a href=\"https://bokeh.pydata.org\" target=\"_blank\" class=\"bk-logo bk-logo-small bk-logo-notebook\"></a>\n",
       "        <span id=\"1001\">Loading BokehJS ...</span>\n",
       "    </div>"
      ]
     },
     "metadata": {},
     "output_type": "display_data"
    },
    {
     "data": {
      "application/javascript": [
       "\n",
       "(function(root) {\n",
       "  function now() {\n",
       "    return new Date();\n",
       "  }\n",
       "\n",
       "  var force = true;\n",
       "\n",
       "  if (typeof (root._bokeh_onload_callbacks) === \"undefined\" || force === true) {\n",
       "    root._bokeh_onload_callbacks = [];\n",
       "    root._bokeh_is_loading = undefined;\n",
       "  }\n",
       "\n",
       "  var JS_MIME_TYPE = 'application/javascript';\n",
       "  var HTML_MIME_TYPE = 'text/html';\n",
       "  var EXEC_MIME_TYPE = 'application/vnd.bokehjs_exec.v0+json';\n",
       "  var CLASS_NAME = 'output_bokeh rendered_html';\n",
       "\n",
       "  /**\n",
       "   * Render data to the DOM node\n",
       "   */\n",
       "  function render(props, node) {\n",
       "    var script = document.createElement(\"script\");\n",
       "    node.appendChild(script);\n",
       "  }\n",
       "\n",
       "  /**\n",
       "   * Handle when an output is cleared or removed\n",
       "   */\n",
       "  function handleClearOutput(event, handle) {\n",
       "    var cell = handle.cell;\n",
       "\n",
       "    var id = cell.output_area._bokeh_element_id;\n",
       "    var server_id = cell.output_area._bokeh_server_id;\n",
       "    // Clean up Bokeh references\n",
       "    if (id != null && id in Bokeh.index) {\n",
       "      Bokeh.index[id].model.document.clear();\n",
       "      delete Bokeh.index[id];\n",
       "    }\n",
       "\n",
       "    if (server_id !== undefined) {\n",
       "      // Clean up Bokeh references\n",
       "      var cmd = \"from bokeh.io.state import curstate; print(curstate().uuid_to_server['\" + server_id + \"'].get_sessions()[0].document.roots[0]._id)\";\n",
       "      cell.notebook.kernel.execute(cmd, {\n",
       "        iopub: {\n",
       "          output: function(msg) {\n",
       "            var id = msg.content.text.trim();\n",
       "            if (id in Bokeh.index) {\n",
       "              Bokeh.index[id].model.document.clear();\n",
       "              delete Bokeh.index[id];\n",
       "            }\n",
       "          }\n",
       "        }\n",
       "      });\n",
       "      // Destroy server and session\n",
       "      var cmd = \"import bokeh.io.notebook as ion; ion.destroy_server('\" + server_id + \"')\";\n",
       "      cell.notebook.kernel.execute(cmd);\n",
       "    }\n",
       "  }\n",
       "\n",
       "  /**\n",
       "   * Handle when a new output is added\n",
       "   */\n",
       "  function handleAddOutput(event, handle) {\n",
       "    var output_area = handle.output_area;\n",
       "    var output = handle.output;\n",
       "\n",
       "    // limit handleAddOutput to display_data with EXEC_MIME_TYPE content only\n",
       "    if ((output.output_type != \"display_data\") || (!output.data.hasOwnProperty(EXEC_MIME_TYPE))) {\n",
       "      return\n",
       "    }\n",
       "\n",
       "    var toinsert = output_area.element.find(\".\" + CLASS_NAME.split(' ')[0]);\n",
       "\n",
       "    if (output.metadata[EXEC_MIME_TYPE][\"id\"] !== undefined) {\n",
       "      toinsert[toinsert.length - 1].firstChild.textContent = output.data[JS_MIME_TYPE];\n",
       "      // store reference to embed id on output_area\n",
       "      output_area._bokeh_element_id = output.metadata[EXEC_MIME_TYPE][\"id\"];\n",
       "    }\n",
       "    if (output.metadata[EXEC_MIME_TYPE][\"server_id\"] !== undefined) {\n",
       "      var bk_div = document.createElement(\"div\");\n",
       "      bk_div.innerHTML = output.data[HTML_MIME_TYPE];\n",
       "      var script_attrs = bk_div.children[0].attributes;\n",
       "      for (var i = 0; i < script_attrs.length; i++) {\n",
       "        toinsert[toinsert.length - 1].firstChild.setAttribute(script_attrs[i].name, script_attrs[i].value);\n",
       "      }\n",
       "      // store reference to server id on output_area\n",
       "      output_area._bokeh_server_id = output.metadata[EXEC_MIME_TYPE][\"server_id\"];\n",
       "    }\n",
       "  }\n",
       "\n",
       "  function register_renderer(events, OutputArea) {\n",
       "\n",
       "    function append_mime(data, metadata, element) {\n",
       "      // create a DOM node to render to\n",
       "      var toinsert = this.create_output_subarea(\n",
       "        metadata,\n",
       "        CLASS_NAME,\n",
       "        EXEC_MIME_TYPE\n",
       "      );\n",
       "      this.keyboard_manager.register_events(toinsert);\n",
       "      // Render to node\n",
       "      var props = {data: data, metadata: metadata[EXEC_MIME_TYPE]};\n",
       "      render(props, toinsert[toinsert.length - 1]);\n",
       "      element.append(toinsert);\n",
       "      return toinsert\n",
       "    }\n",
       "\n",
       "    /* Handle when an output is cleared or removed */\n",
       "    events.on('clear_output.CodeCell', handleClearOutput);\n",
       "    events.on('delete.Cell', handleClearOutput);\n",
       "\n",
       "    /* Handle when a new output is added */\n",
       "    events.on('output_added.OutputArea', handleAddOutput);\n",
       "\n",
       "    /**\n",
       "     * Register the mime type and append_mime function with output_area\n",
       "     */\n",
       "    OutputArea.prototype.register_mime_type(EXEC_MIME_TYPE, append_mime, {\n",
       "      /* Is output safe? */\n",
       "      safe: true,\n",
       "      /* Index of renderer in `output_area.display_order` */\n",
       "      index: 0\n",
       "    });\n",
       "  }\n",
       "\n",
       "  // register the mime type if in Jupyter Notebook environment and previously unregistered\n",
       "  if (root.Jupyter !== undefined) {\n",
       "    var events = require('base/js/events');\n",
       "    var OutputArea = require('notebook/js/outputarea').OutputArea;\n",
       "\n",
       "    if (OutputArea.prototype.mime_types().indexOf(EXEC_MIME_TYPE) == -1) {\n",
       "      register_renderer(events, OutputArea);\n",
       "    }\n",
       "  }\n",
       "\n",
       "  \n",
       "  if (typeof (root._bokeh_timeout) === \"undefined\" || force === true) {\n",
       "    root._bokeh_timeout = Date.now() + 5000;\n",
       "    root._bokeh_failed_load = false;\n",
       "  }\n",
       "\n",
       "  var NB_LOAD_WARNING = {'data': {'text/html':\n",
       "     \"<div style='background-color: #fdd'>\\n\"+\n",
       "     \"<p>\\n\"+\n",
       "     \"BokehJS does not appear to have successfully loaded. If loading BokehJS from CDN, this \\n\"+\n",
       "     \"may be due to a slow or bad network connection. Possible fixes:\\n\"+\n",
       "     \"</p>\\n\"+\n",
       "     \"<ul>\\n\"+\n",
       "     \"<li>re-rerun `output_notebook()` to attempt to load from CDN again, or</li>\\n\"+\n",
       "     \"<li>use INLINE resources instead, as so:</li>\\n\"+\n",
       "     \"</ul>\\n\"+\n",
       "     \"<code>\\n\"+\n",
       "     \"from bokeh.resources import INLINE\\n\"+\n",
       "     \"output_notebook(resources=INLINE)\\n\"+\n",
       "     \"</code>\\n\"+\n",
       "     \"</div>\"}};\n",
       "\n",
       "  function display_loaded() {\n",
       "    var el = document.getElementById(\"1001\");\n",
       "    if (el != null) {\n",
       "      el.textContent = \"BokehJS is loading...\";\n",
       "    }\n",
       "    if (root.Bokeh !== undefined) {\n",
       "      if (el != null) {\n",
       "        el.textContent = \"BokehJS \" + root.Bokeh.version + \" successfully loaded.\";\n",
       "      }\n",
       "    } else if (Date.now() < root._bokeh_timeout) {\n",
       "      setTimeout(display_loaded, 100)\n",
       "    }\n",
       "  }\n",
       "\n",
       "\n",
       "  function run_callbacks() {\n",
       "    try {\n",
       "      root._bokeh_onload_callbacks.forEach(function(callback) { callback() });\n",
       "    }\n",
       "    finally {\n",
       "      delete root._bokeh_onload_callbacks\n",
       "    }\n",
       "    console.info(\"Bokeh: all callbacks have finished\");\n",
       "  }\n",
       "\n",
       "  function load_libs(js_urls, callback) {\n",
       "    root._bokeh_onload_callbacks.push(callback);\n",
       "    if (root._bokeh_is_loading > 0) {\n",
       "      console.log(\"Bokeh: BokehJS is being loaded, scheduling callback at\", now());\n",
       "      return null;\n",
       "    }\n",
       "    if (js_urls == null || js_urls.length === 0) {\n",
       "      run_callbacks();\n",
       "      return null;\n",
       "    }\n",
       "    console.log(\"Bokeh: BokehJS not loaded, scheduling load and callback at\", now());\n",
       "    root._bokeh_is_loading = js_urls.length;\n",
       "    for (var i = 0; i < js_urls.length; i++) {\n",
       "      var url = js_urls[i];\n",
       "      var s = document.createElement('script');\n",
       "      s.src = url;\n",
       "      s.async = false;\n",
       "      s.onreadystatechange = s.onload = function() {\n",
       "        root._bokeh_is_loading--;\n",
       "        if (root._bokeh_is_loading === 0) {\n",
       "          console.log(\"Bokeh: all BokehJS libraries loaded\");\n",
       "          run_callbacks()\n",
       "        }\n",
       "      };\n",
       "      s.onerror = function() {\n",
       "        console.warn(\"failed to load library \" + url);\n",
       "      };\n",
       "      console.log(\"Bokeh: injecting script tag for BokehJS library: \", url);\n",
       "      document.getElementsByTagName(\"head\")[0].appendChild(s);\n",
       "    }\n",
       "  };var element = document.getElementById(\"1001\");\n",
       "  if (element == null) {\n",
       "    console.log(\"Bokeh: ERROR: autoload.js configured with elementid '1001' but no matching script tag was found. \")\n",
       "    return false;\n",
       "  }\n",
       "\n",
       "  var js_urls = [\"https://cdn.pydata.org/bokeh/release/bokeh-1.0.4.min.js\", \"https://cdn.pydata.org/bokeh/release/bokeh-widgets-1.0.4.min.js\", \"https://cdn.pydata.org/bokeh/release/bokeh-tables-1.0.4.min.js\", \"https://cdn.pydata.org/bokeh/release/bokeh-gl-1.0.4.min.js\"];\n",
       "\n",
       "  var inline_js = [\n",
       "    function(Bokeh) {\n",
       "      Bokeh.set_log_level(\"info\");\n",
       "    },\n",
       "    \n",
       "    function(Bokeh) {\n",
       "      \n",
       "    },\n",
       "    function(Bokeh) {\n",
       "      console.log(\"Bokeh: injecting CSS: https://cdn.pydata.org/bokeh/release/bokeh-1.0.4.min.css\");\n",
       "      Bokeh.embed.inject_css(\"https://cdn.pydata.org/bokeh/release/bokeh-1.0.4.min.css\");\n",
       "      console.log(\"Bokeh: injecting CSS: https://cdn.pydata.org/bokeh/release/bokeh-widgets-1.0.4.min.css\");\n",
       "      Bokeh.embed.inject_css(\"https://cdn.pydata.org/bokeh/release/bokeh-widgets-1.0.4.min.css\");\n",
       "      console.log(\"Bokeh: injecting CSS: https://cdn.pydata.org/bokeh/release/bokeh-tables-1.0.4.min.css\");\n",
       "      Bokeh.embed.inject_css(\"https://cdn.pydata.org/bokeh/release/bokeh-tables-1.0.4.min.css\");\n",
       "    }\n",
       "  ];\n",
       "\n",
       "  function run_inline_js() {\n",
       "    \n",
       "    if ((root.Bokeh !== undefined) || (force === true)) {\n",
       "      for (var i = 0; i < inline_js.length; i++) {\n",
       "        inline_js[i].call(root, root.Bokeh);\n",
       "      }if (force === true) {\n",
       "        display_loaded();\n",
       "      }} else if (Date.now() < root._bokeh_timeout) {\n",
       "      setTimeout(run_inline_js, 100);\n",
       "    } else if (!root._bokeh_failed_load) {\n",
       "      console.log(\"Bokeh: BokehJS failed to load within specified timeout.\");\n",
       "      root._bokeh_failed_load = true;\n",
       "    } else if (force !== true) {\n",
       "      var cell = $(document.getElementById(\"1001\")).parents('.cell').data().cell;\n",
       "      cell.output_area.append_execute_result(NB_LOAD_WARNING)\n",
       "    }\n",
       "\n",
       "  }\n",
       "\n",
       "  if (root._bokeh_is_loading === 0) {\n",
       "    console.log(\"Bokeh: BokehJS loaded, going straight to plotting\");\n",
       "    run_inline_js();\n",
       "  } else {\n",
       "    load_libs(js_urls, function() {\n",
       "      console.log(\"Bokeh: BokehJS plotting callback run at\", now());\n",
       "      run_inline_js();\n",
       "    });\n",
       "  }\n",
       "}(window));"
      ],
      "application/vnd.bokehjs_load.v0+json": "\n(function(root) {\n  function now() {\n    return new Date();\n  }\n\n  var force = true;\n\n  if (typeof (root._bokeh_onload_callbacks) === \"undefined\" || force === true) {\n    root._bokeh_onload_callbacks = [];\n    root._bokeh_is_loading = undefined;\n  }\n\n  \n\n  \n  if (typeof (root._bokeh_timeout) === \"undefined\" || force === true) {\n    root._bokeh_timeout = Date.now() + 5000;\n    root._bokeh_failed_load = false;\n  }\n\n  var NB_LOAD_WARNING = {'data': {'text/html':\n     \"<div style='background-color: #fdd'>\\n\"+\n     \"<p>\\n\"+\n     \"BokehJS does not appear to have successfully loaded. If loading BokehJS from CDN, this \\n\"+\n     \"may be due to a slow or bad network connection. Possible fixes:\\n\"+\n     \"</p>\\n\"+\n     \"<ul>\\n\"+\n     \"<li>re-rerun `output_notebook()` to attempt to load from CDN again, or</li>\\n\"+\n     \"<li>use INLINE resources instead, as so:</li>\\n\"+\n     \"</ul>\\n\"+\n     \"<code>\\n\"+\n     \"from bokeh.resources import INLINE\\n\"+\n     \"output_notebook(resources=INLINE)\\n\"+\n     \"</code>\\n\"+\n     \"</div>\"}};\n\n  function display_loaded() {\n    var el = document.getElementById(\"1001\");\n    if (el != null) {\n      el.textContent = \"BokehJS is loading...\";\n    }\n    if (root.Bokeh !== undefined) {\n      if (el != null) {\n        el.textContent = \"BokehJS \" + root.Bokeh.version + \" successfully loaded.\";\n      }\n    } else if (Date.now() < root._bokeh_timeout) {\n      setTimeout(display_loaded, 100)\n    }\n  }\n\n\n  function run_callbacks() {\n    try {\n      root._bokeh_onload_callbacks.forEach(function(callback) { callback() });\n    }\n    finally {\n      delete root._bokeh_onload_callbacks\n    }\n    console.info(\"Bokeh: all callbacks have finished\");\n  }\n\n  function load_libs(js_urls, callback) {\n    root._bokeh_onload_callbacks.push(callback);\n    if (root._bokeh_is_loading > 0) {\n      console.log(\"Bokeh: BokehJS is being loaded, scheduling callback at\", now());\n      return null;\n    }\n    if (js_urls == null || js_urls.length === 0) {\n      run_callbacks();\n      return null;\n    }\n    console.log(\"Bokeh: BokehJS not loaded, scheduling load and callback at\", now());\n    root._bokeh_is_loading = js_urls.length;\n    for (var i = 0; i < js_urls.length; i++) {\n      var url = js_urls[i];\n      var s = document.createElement('script');\n      s.src = url;\n      s.async = false;\n      s.onreadystatechange = s.onload = function() {\n        root._bokeh_is_loading--;\n        if (root._bokeh_is_loading === 0) {\n          console.log(\"Bokeh: all BokehJS libraries loaded\");\n          run_callbacks()\n        }\n      };\n      s.onerror = function() {\n        console.warn(\"failed to load library \" + url);\n      };\n      console.log(\"Bokeh: injecting script tag for BokehJS library: \", url);\n      document.getElementsByTagName(\"head\")[0].appendChild(s);\n    }\n  };var element = document.getElementById(\"1001\");\n  if (element == null) {\n    console.log(\"Bokeh: ERROR: autoload.js configured with elementid '1001' but no matching script tag was found. \")\n    return false;\n  }\n\n  var js_urls = [\"https://cdn.pydata.org/bokeh/release/bokeh-1.0.4.min.js\", \"https://cdn.pydata.org/bokeh/release/bokeh-widgets-1.0.4.min.js\", \"https://cdn.pydata.org/bokeh/release/bokeh-tables-1.0.4.min.js\", \"https://cdn.pydata.org/bokeh/release/bokeh-gl-1.0.4.min.js\"];\n\n  var inline_js = [\n    function(Bokeh) {\n      Bokeh.set_log_level(\"info\");\n    },\n    \n    function(Bokeh) {\n      \n    },\n    function(Bokeh) {\n      console.log(\"Bokeh: injecting CSS: https://cdn.pydata.org/bokeh/release/bokeh-1.0.4.min.css\");\n      Bokeh.embed.inject_css(\"https://cdn.pydata.org/bokeh/release/bokeh-1.0.4.min.css\");\n      console.log(\"Bokeh: injecting CSS: https://cdn.pydata.org/bokeh/release/bokeh-widgets-1.0.4.min.css\");\n      Bokeh.embed.inject_css(\"https://cdn.pydata.org/bokeh/release/bokeh-widgets-1.0.4.min.css\");\n      console.log(\"Bokeh: injecting CSS: https://cdn.pydata.org/bokeh/release/bokeh-tables-1.0.4.min.css\");\n      Bokeh.embed.inject_css(\"https://cdn.pydata.org/bokeh/release/bokeh-tables-1.0.4.min.css\");\n    }\n  ];\n\n  function run_inline_js() {\n    \n    if ((root.Bokeh !== undefined) || (force === true)) {\n      for (var i = 0; i < inline_js.length; i++) {\n        inline_js[i].call(root, root.Bokeh);\n      }if (force === true) {\n        display_loaded();\n      }} else if (Date.now() < root._bokeh_timeout) {\n      setTimeout(run_inline_js, 100);\n    } else if (!root._bokeh_failed_load) {\n      console.log(\"Bokeh: BokehJS failed to load within specified timeout.\");\n      root._bokeh_failed_load = true;\n    } else if (force !== true) {\n      var cell = $(document.getElementById(\"1001\")).parents('.cell').data().cell;\n      cell.output_area.append_execute_result(NB_LOAD_WARNING)\n    }\n\n  }\n\n  if (root._bokeh_is_loading === 0) {\n    console.log(\"Bokeh: BokehJS loaded, going straight to plotting\");\n    run_inline_js();\n  } else {\n    load_libs(js_urls, function() {\n      console.log(\"Bokeh: BokehJS plotting callback run at\", now());\n      run_inline_js();\n    });\n  }\n}(window));"
     },
     "metadata": {},
     "output_type": "display_data"
    }
   ],
   "source": [
    "import numpy as np\n",
    "import pandas as pd\n",
    "from distance_functions_v2 import *\n",
    "from scipy.stats import pearsonr\n",
    "from sklearn import manifold\n",
    "from bokeh.plotting import figure, output_file, show\n",
    "from bokeh.models import ColumnDataSource, Range1d, LabelSet, Label\n",
    "from bokeh.io import output_notebook, export_png\n",
    "from bokeh.resources import CDN\n",
    "output_notebook(CDN)"
   ]
  },
  {
   "cell_type": "code",
   "execution_count": 13,
   "metadata": {},
   "outputs": [],
   "source": [
    "mydata=pd.read_csv(\"./Data/fake_data.csv\")\n",
    "my_vals=np.unique(mydata.loc[:,\"myvar\"])\n",
    "\n",
    "all_nets={} #definisco il dizionario che contterà tutte le matrici di pearson"
   ]
  },
  {
   "cell_type": "code",
   "execution_count": 4,
   "metadata": {},
   "outputs": [
    {
     "data": {
      "text/html": [
       "<div>\n",
       "<style scoped>\n",
       "    .dataframe tbody tr th:only-of-type {\n",
       "        vertical-align: middle;\n",
       "    }\n",
       "\n",
       "    .dataframe tbody tr th {\n",
       "        vertical-align: top;\n",
       "    }\n",
       "\n",
       "    .dataframe thead th {\n",
       "        text-align: right;\n",
       "    }\n",
       "</style>\n",
       "<table border=\"1\" class=\"dataframe\">\n",
       "  <thead>\n",
       "    <tr style=\"text-align: right;\">\n",
       "      <th></th>\n",
       "      <th>myid</th>\n",
       "      <th>myvar</th>\n",
       "      <th>g1</th>\n",
       "      <th>g2</th>\n",
       "      <th>g3</th>\n",
       "      <th>g4</th>\n",
       "      <th>g5</th>\n",
       "      <th>g6</th>\n",
       "      <th>g7</th>\n",
       "      <th>g8</th>\n",
       "      <th>g9</th>\n",
       "      <th>g10</th>\n",
       "    </tr>\n",
       "  </thead>\n",
       "  <tbody>\n",
       "    <tr>\n",
       "      <th>1</th>\n",
       "      <td>4744</td>\n",
       "      <td>2</td>\n",
       "      <td>0.138281</td>\n",
       "      <td>0.155625</td>\n",
       "      <td>0.142031</td>\n",
       "      <td>0.104219</td>\n",
       "      <td>0.045312</td>\n",
       "      <td>0.122344</td>\n",
       "      <td>0.076719</td>\n",
       "      <td>0.097969</td>\n",
       "      <td>0.042500</td>\n",
       "      <td>0.075000</td>\n",
       "    </tr>\n",
       "    <tr>\n",
       "      <th>2</th>\n",
       "      <td>3243</td>\n",
       "      <td>1</td>\n",
       "      <td>0.049462</td>\n",
       "      <td>0.024346</td>\n",
       "      <td>0.236802</td>\n",
       "      <td>0.057663</td>\n",
       "      <td>0.176832</td>\n",
       "      <td>0.137622</td>\n",
       "      <td>0.205023</td>\n",
       "      <td>0.049718</td>\n",
       "      <td>0.020759</td>\n",
       "      <td>0.041773</td>\n",
       "    </tr>\n",
       "    <tr>\n",
       "      <th>3</th>\n",
       "      <td>1663</td>\n",
       "      <td>4</td>\n",
       "      <td>0.023893</td>\n",
       "      <td>0.111574</td>\n",
       "      <td>0.183911</td>\n",
       "      <td>0.178869</td>\n",
       "      <td>0.008110</td>\n",
       "      <td>0.049759</td>\n",
       "      <td>0.006576</td>\n",
       "      <td>0.141166</td>\n",
       "      <td>0.210872</td>\n",
       "      <td>0.085270</td>\n",
       "    </tr>\n",
       "    <tr>\n",
       "      <th>4</th>\n",
       "      <td>2244</td>\n",
       "      <td>1</td>\n",
       "      <td>0.127624</td>\n",
       "      <td>0.109274</td>\n",
       "      <td>0.155894</td>\n",
       "      <td>0.089106</td>\n",
       "      <td>0.090924</td>\n",
       "      <td>0.086791</td>\n",
       "      <td>0.117375</td>\n",
       "      <td>0.110762</td>\n",
       "      <td>0.088114</td>\n",
       "      <td>0.024136</td>\n",
       "    </tr>\n",
       "    <tr>\n",
       "      <th>5</th>\n",
       "      <td>4838</td>\n",
       "      <td>4</td>\n",
       "      <td>0.052286</td>\n",
       "      <td>0.064693</td>\n",
       "      <td>0.061857</td>\n",
       "      <td>0.166785</td>\n",
       "      <td>0.118220</td>\n",
       "      <td>0.148174</td>\n",
       "      <td>0.057072</td>\n",
       "      <td>0.093407</td>\n",
       "      <td>0.079050</td>\n",
       "      <td>0.158454</td>\n",
       "    </tr>\n",
       "  </tbody>\n",
       "</table>\n",
       "</div>"
      ],
      "text/plain": [
       "   myid  myvar        g1        g2        g3        g4        g5        g6  \\\n",
       "1  4744      2  0.138281  0.155625  0.142031  0.104219  0.045312  0.122344   \n",
       "2  3243      1  0.049462  0.024346  0.236802  0.057663  0.176832  0.137622   \n",
       "3  1663      4  0.023893  0.111574  0.183911  0.178869  0.008110  0.049759   \n",
       "4  2244      1  0.127624  0.109274  0.155894  0.089106  0.090924  0.086791   \n",
       "5  4838      4  0.052286  0.064693  0.061857  0.166785  0.118220  0.148174   \n",
       "\n",
       "         g7        g8        g9       g10  \n",
       "1  0.076719  0.097969  0.042500  0.075000  \n",
       "2  0.205023  0.049718  0.020759  0.041773  \n",
       "3  0.006576  0.141166  0.210872  0.085270  \n",
       "4  0.117375  0.110762  0.088114  0.024136  \n",
       "5  0.057072  0.093407  0.079050  0.158454  "
      ]
     },
     "execution_count": 4,
     "metadata": {},
     "output_type": "execute_result"
    }
   ],
   "source": [
    "mydata.head()"
   ]
  },
  {
   "cell_type": "code",
   "execution_count": 5,
   "metadata": {},
   "outputs": [
    {
     "name": "stdout",
     "output_type": "stream",
     "text": [
      "[1 2 3 4]\n"
     ]
    }
   ],
   "source": [
    "print(my_vals)"
   ]
  },
  {
   "cell_type": "code",
   "execution_count": 8,
   "metadata": {},
   "outputs": [],
   "source": [
    "#subdata=mydata.loc[mydata[\"myvar\"]==1]\n",
    "#x = np.array(subdata.iloc[:,3])\n",
    "#print(x)"
   ]
  },
  {
   "cell_type": "code",
   "execution_count": 17,
   "metadata": {},
   "outputs": [],
   "source": [
    "for val in my_vals:\n",
    "    subdata=mydata.loc[mydata[\"myvar\"]==val] #crea una matrice che ha la colonna 'myvar' con lo tesos valore\n",
    "    n_dim=mydata.shape[1]-2 #togli due perche non vuoi le altr colonne\n",
    "    mymat=np.zeros((n_dim,n_dim)) #creazione della matrice quadrata \n",
    "    for i in range(n_dim-1):  #con questro doppio for riempio la matrice nei posti dove voglio io (senza prendere la diagonale)\n",
    "        for j in range(i+1,n_dim):\n",
    "            mymat[i,j]=np.abs(pearsonr(x=np.array(subdata.iloc[:,i+2]), #prendo la colonna (g0)\n",
    "                                   y=np.array(subdata.iloc[:,j+2]))[0]) #prendo la colonna dopo (g0+1)\n",
    "                #prendo i due array, corrispondenti alle colonne g0 e g1 e calcolol il coefficiente di pearson\n",
    "            mymat[j,i]=mymat[i,j]   #lo stesso coefficiente di perason saraà uguale ange per g1 su g0 oltre a g0 su g1\n",
    "    all_nets[\"S\"+str(val)]=mymat  #lo aggiungo alla mia mista net\n",
    "#creo una lista di matrici per ogni classe di myvar che ho (4 siccome era 1 2 3 4)"
   ]
  },
  {
   "cell_type": "code",
   "execution_count": 18,
   "metadata": {},
   "outputs": [
    {
     "name": "stdout",
     "output_type": "stream",
     "text": [
      "{'S1': array([[0.        , 0.05499717, 0.23886978, 0.28392601, 0.10718667,\n",
      "        0.25015262, 0.26248713, 0.05773529, 0.15498344, 0.02883441],\n",
      "       [0.05499717, 0.        , 0.23636278, 0.03438882, 0.08867477,\n",
      "        0.03000684, 0.03934244, 0.19537156, 0.16813869, 0.23701222],\n",
      "       [0.23886978, 0.23636278, 0.        , 0.31756778, 0.05718126,\n",
      "        0.10117914, 0.14268496, 0.0069597 , 0.12453947, 0.08529424],\n",
      "       [0.28392601, 0.03438882, 0.31756778, 0.        , 0.22861851,\n",
      "        0.08898761, 0.20339207, 0.02991101, 0.16060473, 0.16568857],\n",
      "       [0.10718667, 0.08867477, 0.05718126, 0.22861851, 0.        ,\n",
      "        0.2492897 , 0.06300339, 0.38897031, 0.05840487, 0.14686462],\n",
      "       [0.25015262, 0.03000684, 0.10117914, 0.08898761, 0.2492897 ,\n",
      "        0.        , 0.05368167, 0.11246324, 0.20922572, 0.04688331],\n",
      "       [0.26248713, 0.03934244, 0.14268496, 0.20339207, 0.06300339,\n",
      "        0.05368167, 0.        , 0.39165672, 0.08340259, 0.18517605],\n",
      "       [0.05773529, 0.19537156, 0.0069597 , 0.02991101, 0.38897031,\n",
      "        0.11246324, 0.39165672, 0.        , 0.06764566, 0.0429013 ],\n",
      "       [0.15498344, 0.16813869, 0.12453947, 0.16060473, 0.05840487,\n",
      "        0.20922572, 0.08340259, 0.06764566, 0.        , 0.41421834],\n",
      "       [0.02883441, 0.23701222, 0.08529424, 0.16568857, 0.14686462,\n",
      "        0.04688331, 0.18517605, 0.0429013 , 0.41421834, 0.        ]]), 'S2': array([[0.        , 0.05312572, 0.02112248, 0.22596376, 0.01634828,\n",
      "        0.22280335, 0.1185405 , 0.22577786, 0.08971649, 0.01148242],\n",
      "       [0.05312572, 0.        , 0.02188591, 0.07227038, 0.28361761,\n",
      "        0.27531584, 0.01190345, 0.42415365, 0.30372691, 0.00082601],\n",
      "       [0.02112248, 0.02188591, 0.        , 0.27799773, 0.05809337,\n",
      "        0.09136345, 0.02087326, 0.26416036, 0.07069784, 0.18806183],\n",
      "       [0.22596376, 0.07227038, 0.27799773, 0.        , 0.10410876,\n",
      "        0.39944655, 0.16433667, 0.00143019, 0.20563082, 0.21866744],\n",
      "       [0.01634828, 0.28361761, 0.05809337, 0.10410876, 0.        ,\n",
      "        0.02139977, 0.36046624, 0.08264877, 0.17521562, 0.00201094],\n",
      "       [0.22280335, 0.27531584, 0.09136345, 0.39944655, 0.02139977,\n",
      "        0.        , 0.28989818, 0.24924208, 0.0252164 , 0.12093298],\n",
      "       [0.1185405 , 0.01190345, 0.02087326, 0.16433667, 0.36046624,\n",
      "        0.28989818, 0.        , 0.04737771, 0.09694652, 0.38129778],\n",
      "       [0.22577786, 0.42415365, 0.26416036, 0.00143019, 0.08264877,\n",
      "        0.24924208, 0.04737771, 0.        , 0.05476847, 0.31494307],\n",
      "       [0.08971649, 0.30372691, 0.07069784, 0.20563082, 0.17521562,\n",
      "        0.0252164 , 0.09694652, 0.05476847, 0.        , 0.04495665],\n",
      "       [0.01148242, 0.00082601, 0.18806183, 0.21866744, 0.00201094,\n",
      "        0.12093298, 0.38129778, 0.31494307, 0.04495665, 0.        ]]), 'S3': array([[0.        , 0.19135577, 0.08904695, 0.35335625, 0.2360661 ,\n",
      "        0.01784116, 0.1384018 , 0.1162869 , 0.0151388 , 0.15304439],\n",
      "       [0.19135577, 0.        , 0.31391485, 0.21896562, 0.36455945,\n",
      "        0.0171295 , 0.14065191, 0.10725746, 0.20557582, 0.34529967],\n",
      "       [0.08904695, 0.31391485, 0.        , 0.27073109, 0.16857785,\n",
      "        0.11706778, 0.32365436, 0.26489316, 0.04223503, 0.3841033 ],\n",
      "       [0.35335625, 0.21896562, 0.27073109, 0.        , 0.07968803,\n",
      "        0.07630556, 0.27068805, 0.11793842, 0.01283868, 0.02880397],\n",
      "       [0.2360661 , 0.36455945, 0.16857785, 0.07968803, 0.        ,\n",
      "        0.2572389 , 0.02432978, 0.11894825, 0.0516136 , 0.03714348],\n",
      "       [0.01784116, 0.0171295 , 0.11706778, 0.07630556, 0.2572389 ,\n",
      "        0.        , 0.1817188 , 0.03629265, 0.22962881, 0.24931973],\n",
      "       [0.1384018 , 0.14065191, 0.32365436, 0.27068805, 0.02432978,\n",
      "        0.1817188 , 0.        , 0.22152529, 0.10080879, 0.42405161],\n",
      "       [0.1162869 , 0.10725746, 0.26489316, 0.11793842, 0.11894825,\n",
      "        0.03629265, 0.22152529, 0.        , 0.22490744, 0.04338595],\n",
      "       [0.0151388 , 0.20557582, 0.04223503, 0.01283868, 0.0516136 ,\n",
      "        0.22962881, 0.10080879, 0.22490744, 0.        , 0.04084398],\n",
      "       [0.15304439, 0.34529967, 0.3841033 , 0.02880397, 0.03714348,\n",
      "        0.24931973, 0.42405161, 0.04338595, 0.04084398, 0.        ]]), 'S4': array([[0.        , 0.31639154, 0.153182  , 0.29776362, 0.14604205,\n",
      "        0.01943456, 0.19816235, 0.09715994, 0.09167445, 0.21199746],\n",
      "       [0.31639154, 0.        , 0.16823263, 0.11101842, 0.13548426,\n",
      "        0.04904785, 0.24604195, 0.2572665 , 0.06576567, 0.14873597],\n",
      "       [0.153182  , 0.16823263, 0.        , 0.0907164 , 0.23032018,\n",
      "        0.13358674, 0.22287021, 0.13176196, 0.23920862, 0.36080569],\n",
      "       [0.29776362, 0.11101842, 0.0907164 , 0.        , 0.01189091,\n",
      "        0.24786314, 0.1548719 , 0.01267617, 0.13988876, 0.00848288],\n",
      "       [0.14604205, 0.13548426, 0.23032018, 0.01189091, 0.        ,\n",
      "        0.07884574, 0.02256001, 0.19811752, 0.31315852, 0.08337946],\n",
      "       [0.01943456, 0.04904785, 0.13358674, 0.24786314, 0.07884574,\n",
      "        0.        , 0.30607614, 0.16817883, 0.05474364, 0.06806099],\n",
      "       [0.19816235, 0.24604195, 0.22287021, 0.1548719 , 0.02256001,\n",
      "        0.30607614, 0.        , 0.13835615, 0.18451631, 0.05883241],\n",
      "       [0.09715994, 0.2572665 , 0.13176196, 0.01267617, 0.19811752,\n",
      "        0.16817883, 0.13835615, 0.        , 0.1150613 , 0.06619376],\n",
      "       [0.09167445, 0.06576567, 0.23920862, 0.13988876, 0.31315852,\n",
      "        0.05474364, 0.18451631, 0.1150613 , 0.        , 0.381198  ],\n",
      "       [0.21199746, 0.14873597, 0.36080569, 0.00848288, 0.08337946,\n",
      "        0.06806099, 0.05883241, 0.06619376, 0.381198  , 0.        ]])}\n"
     ]
    }
   ],
   "source": [
    "print(all_nets)"
   ]
  },
  {
   "cell_type": "code",
   "execution_count": 25,
   "metadata": {},
   "outputs": [
    {
     "name": "stdout",
     "output_type": "stream",
     "text": [
      "(10, 10)\n"
     ]
    }
   ],
   "source": [
    "print(all_nets['S1'].shape)"
   ]
  },
  {
   "cell_type": "code",
   "execution_count": 19,
   "metadata": {},
   "outputs": [],
   "source": [
    "mapping={}\n",
    "for i,j in enumerate(all_nets.keys()):\n",
    "    mapping[i]=j\n"
   ]
  },
  {
   "cell_type": "code",
   "execution_count": 20,
   "metadata": {},
   "outputs": [
    {
     "data": {
      "text/plain": [
       "{0: 'S1', 1: 'S2', 2: 'S3', 3: 'S4'}"
      ]
     },
     "execution_count": 20,
     "metadata": {},
     "output_type": "execute_result"
    }
   ],
   "source": [
    "mapping"
   ]
  },
  {
   "cell_type": "code",
   "execution_count": 27,
   "metadata": {},
   "outputs": [
    {
     "name": "stdout",
     "output_type": "stream",
     "text": [
      "[[0. 0. 0. 0.]\n",
      " [0. 0. 0. 0.]\n",
      " [0. 0. 0. 0.]\n",
      " [0. 0. 0. 0.]]\n"
     ]
    }
   ],
   "source": [
    "dist_mat=np.zeros((len(my_vals),len(my_vals))) #preparo una matrice lunga 4x4 che conterra le disteanze\n",
    "print(dist_mat)"
   ]
  },
  {
   "cell_type": "code",
   "execution_count": 28,
   "metadata": {},
   "outputs": [],
   "source": [
    "for i in range(len(my_vals)-1):\n",
    "    for j in range(i+1,len(my_vals)):\n",
    "        dist_mat[i,j]=glocal(all_nets[mapping[i]],all_nets[mapping[j]])[2]\n",
    "        dist_mat[j,i]=dist_mat[i,j]\n"
   ]
  },
  {
   "cell_type": "code",
   "execution_count": null,
   "metadata": {},
   "outputs": [],
   "source": [
    "print(dist_mat)"
   ]
  },
  {
   "cell_type": "code",
   "execution_count": null,
   "metadata": {},
   "outputs": [],
   "source": [
    "seed = np.random.RandomState(seed=3)\n",
    "mds = manifold.MDS(n_components=2, max_iter=3000, eps=1e-9, random_state=seed,\n",
    "                   dissimilarity=\"precomputed\", n_jobs=1)\n",
    "pos = mds.fit(dist_mat).embedding_\n",
    "\n",
    "    \n",
    "\n"
   ]
  },
  {
   "cell_type": "code",
   "execution_count": 1,
   "metadata": {},
   "outputs": [
    {
     "ename": "NameError",
     "evalue": "name 'ColumnDataSource' is not defined",
     "output_type": "error",
     "traceback": [
      "\u001b[1;31m---------------------------------------------------------------------------\u001b[0m",
      "\u001b[1;31mNameError\u001b[0m                                 Traceback (most recent call last)",
      "\u001b[1;32m<ipython-input-1-f36078098aa5>\u001b[0m in \u001b[0;36m<module>\u001b[1;34m\u001b[0m\n\u001b[1;32m----> 1\u001b[1;33m source = ColumnDataSource(data=dict(x=pos[:,0],\n\u001b[0m\u001b[0;32m      2\u001b[0m                                     \u001b[0my\u001b[0m\u001b[1;33m=\u001b[0m\u001b[0mpos\u001b[0m\u001b[1;33m[\u001b[0m\u001b[1;33m:\u001b[0m\u001b[1;33m,\u001b[0m\u001b[1;36m1\u001b[0m\u001b[1;33m]\u001b[0m\u001b[1;33m,\u001b[0m\u001b[1;33m\u001b[0m\u001b[1;33m\u001b[0m\u001b[0m\n\u001b[0;32m      3\u001b[0m                                     \u001b[0mnames\u001b[0m\u001b[1;33m=\u001b[0m\u001b[0mlist\u001b[0m\u001b[1;33m(\u001b[0m\u001b[0mmapping\u001b[0m\u001b[1;33m.\u001b[0m\u001b[0mvalues\u001b[0m\u001b[1;33m(\u001b[0m\u001b[1;33m)\u001b[0m\u001b[1;33m)\u001b[0m\u001b[1;33m,\u001b[0m\u001b[1;33m\u001b[0m\u001b[1;33m\u001b[0m\u001b[0m\n\u001b[0;32m      4\u001b[0m                                     colors=[\"green\",\"yellow\",\"orange\",\"red\"]))\n\u001b[0;32m      5\u001b[0m \u001b[1;33m\u001b[0m\u001b[0m\n",
      "\u001b[1;31mNameError\u001b[0m: name 'ColumnDataSource' is not defined"
     ]
    }
   ],
   "source": [
    "source = ColumnDataSource(data=dict(x=pos[:,0],\n",
    "                                    y=pos[:,1],\n",
    "                                    names=list(mapping.values()),\n",
    "                                    colors=[\"green\",\"yellow\",\"orange\",\"red\"]))\n",
    "\n",
    "\n",
    "p = figure(plot_width=800, plot_height=800)\n",
    "p.circle(x='x',y='y', size=10, color='colors', alpha=0.5,source=source)\n",
    "labels = LabelSet(x='x', y='y', text='names',x_offset=5, y_offset=5, source=source)\n",
    "p.add_layout(labels)\n",
    "show(p)"
   ]
  },
  {
   "cell_type": "code",
   "execution_count": null,
   "metadata": {},
   "outputs": [],
   "source": []
  }
 ],
 "metadata": {
  "kernelspec": {
   "display_name": "Python 3",
   "language": "python",
   "name": "python3"
  },
  "language_info": {
   "codemirror_mode": {
    "name": "ipython",
    "version": 3
   },
   "file_extension": ".py",
   "mimetype": "text/x-python",
   "name": "python",
   "nbconvert_exporter": "python",
   "pygments_lexer": "ipython3",
   "version": "3.7.3"
  }
 },
 "nbformat": 4,
 "nbformat_minor": 2
}
